               * d:\circuit_design\fossee\astablemv\astablemv.cir
               Transient Analysis  Wed Mar 10 21:41:53  2021
--------------------------------------------------------------------------------
Index   time            alli            
--------------------------------------------------------------------------------
0	0.000000e+00	-1.44369e-02	
1	1.000000e-04	-1.44369e-02	
2	2.000000e-04	-1.44369e-02	
3	4.000000e-04	-1.44369e-02	
4	8.000000e-04	-1.44369e-02	
5	1.600000e-03	-1.44369e-02	
6	3.200000e-03	-1.44369e-02	
7	6.400000e-03	-1.44369e-02	
8	1.280000e-02	-1.44369e-02	
9	2.280000e-02	-1.44369e-02	
10	3.280000e-02	-1.44369e-02	
11	4.280000e-02	-1.44369e-02	
12	5.280000e-02	-1.44369e-02	
13	6.280000e-02	-1.44369e-02	
14	7.280000e-02	-1.44369e-02	
15	8.280000e-02	-1.44369e-02	
16	9.280000e-02	-1.44369e-02	
17	1.028000e-01	-1.44321e-02	
18	1.117373e-01	-1.35186e-02	
19	1.192319e-01	-1.34271e-02	
20	1.251571e-01	-1.20180e-02	
21	1.307618e-01	-1.09933e-02	
22	1.366490e-01	-1.01631e-02	
23	1.466490e-01	-9.16497e-03	
24	1.566490e-01	-8.53233e-03	
25	1.666490e-01	-8.12991e-03	
26	1.766490e-01	-7.87212e-03	
27	1.866490e-01	-7.70567e-03	
28	1.966490e-01	-7.59714e-03	
29	2.066490e-01	-7.52493e-03	
30	2.166490e-01	-7.47728e-03	
31	2.266490e-01	-7.44382e-03	
32	2.366490e-01	-7.42198e-03	
33	2.466490e-01	-7.40484e-03	
34	2.566490e-01	-7.39436e-03	
35	2.666490e-01	-7.38431e-03	
36	2.766490e-01	-7.37905e-03	
37	2.866490e-01	-7.37225e-03	
38	2.966490e-01	-7.36957e-03	
39	3.066490e-01	-7.36437e-03	
40	3.166490e-01	-7.36306e-03	
41	3.266490e-01	-7.35871e-03	
42	3.366490e-01	-7.35818e-03	
43	3.466490e-01	-7.35418e-03	
44	3.566490e-01	-7.35287e-03	
45	3.666490e-01	-1.30939e-02	
46	3.710674e-01	-1.20861e-02	
47	3.764887e-01	-1.10941e-02	
48	3.816022e-01	-1.03577e-02	
49	3.916022e-01	-9.31768e-03	
50	4.016022e-01	-8.65859e-03	
51	4.116022e-01	-8.23916e-03	
52	4.216022e-01	-7.97063e-03	
53	4.316022e-01	-7.79710e-03	
54	4.416022e-01	-7.68365e-03	

Index   time            alli            
--------------------------------------------------------------------------------
55	4.516022e-01	-7.60881e-03	
56	4.616022e-01	-7.55807e-03	
57	4.716022e-01	-7.52412e-03	
58	4.816022e-01	-7.49958e-03	
59	4.916022e-01	-7.48318e-03	
60	5.016022e-01	-7.46991e-03	
61	5.116022e-01	-7.46131e-03	
62	5.216022e-01	-7.45303e-03	
63	5.316022e-01	-7.44813e-03	
64	5.416022e-01	-7.44225e-03	
65	5.516022e-01	-7.43923e-03	
66	5.616022e-01	-7.43458e-03	
67	5.716022e-01	-7.43260e-03	
68	5.816022e-01	-7.42864e-03	
69	5.916022e-01	-7.42727e-03	
70	6.016022e-01	-7.42372e-03	
71	6.116022e-01	-7.42275e-03	
72	6.216022e-01	-7.41947e-03	
73	6.316022e-01	-7.41875e-03	
74	6.416022e-01	-7.41565e-03	
75	6.516022e-01	-7.41513e-03	
76	6.616022e-01	-7.41215e-03	
77	6.716022e-01	-7.41177e-03	
78	6.816022e-01	-7.40889e-03	
79	6.916022e-01	-7.40861e-03	
80	7.016022e-01	-7.40580e-03	
81	7.116022e-01	-7.40560e-03	
82	7.216022e-01	-7.40285e-03	
83	7.316022e-01	-7.40273e-03	
84	7.416022e-01	-7.40003e-03	
85	7.516022e-01	-7.39995e-03	
86	7.616022e-01	-7.39729e-03	
87	7.716022e-01	-7.39727e-03	
88	7.816022e-01	-7.39465e-03	
89	7.916022e-01	-7.39467e-03	
90	8.016022e-01	-7.39207e-03	
91	8.116022e-01	-7.39213e-03	
92	8.216022e-01	-7.38956e-03	
93	8.316022e-01	-7.38965e-03	
94	8.416022e-01	-7.38711e-03	
95	8.516022e-01	-7.38723e-03	
96	8.616022e-01	-7.38472e-03	
97	8.716022e-01	-7.38487e-03	
98	8.816022e-01	-7.38237e-03	
99	8.916022e-01	-7.38254e-03	
100	9.016022e-01	-7.38007e-03	
101	9.116022e-01	-7.38027e-03	
102	9.216022e-01	-7.37781e-03	
103	9.316022e-01	-7.37803e-03	
104	9.416022e-01	-7.37560e-03	
105	9.516022e-01	-7.37584e-03	
106	9.616022e-01	-7.37342e-03	
107	9.716022e-01	-7.37368e-03	
108	9.816022e-01	-7.37128e-03	
109	9.916022e-01	-7.37156e-03	
110	1.001602e+00	-7.36918e-03	
111	1.011602e+00	-7.36947e-03	
112	1.021602e+00	-7.36711e-03	

Index   time            alli            
--------------------------------------------------------------------------------
113	1.031602e+00	-7.36742e-03	
114	1.041602e+00	-7.36507e-03	
115	1.051602e+00	-7.36540e-03	
116	1.061602e+00	-7.36306e-03	
117	1.071602e+00	-7.36341e-03	
118	1.081602e+00	-7.36109e-03	
119	1.091602e+00	-7.36145e-03	
120	1.101602e+00	-7.35915e-03	
121	1.111602e+00	-7.35952e-03	
122	1.121602e+00	-7.35723e-03	
123	1.131602e+00	-7.35763e-03	
124	1.141602e+00	-7.35535e-03	
125	1.151602e+00	-7.35575e-03	
126	1.161602e+00	-7.35349e-03	
127	1.171602e+00	-7.35391e-03	
128	1.181602e+00	-7.35166e-03	
129	1.191602e+00	-7.35209e-03	
130	1.201602e+00	-7.34985e-03	
131	1.211602e+00	-7.35030e-03	
132	1.221602e+00	-7.34807e-03	
133	1.231602e+00	-7.34853e-03	
134	1.241602e+00	-7.34632e-03	
135	1.251602e+00	-7.34679e-03	
136	1.261602e+00	-7.34451e-03	
137	1.271602e+00	-7.34438e-03	
138	1.272852e+00	-7.34335e-03	
139	1.275352e+00	-7.34231e-03	
140	1.279307e+00	-7.33830e-03	
141	1.279853e+00	-7.33711e-03	
142	1.280945e+00	-7.33260e-03	
143	1.281218e+00	-7.32970e-03	
144	1.281764e+00	-1.42653e-02	
145	1.282049e+00	-1.41802e-02	
146	1.282326e+00	-1.40977e-02	
147	1.282705e+00	-1.39862e-02	
148	1.283463e+00	-1.37694e-02	
149	1.284978e+00	-1.33570e-02	
150	1.288009e+00	-1.26118e-02	
151	1.294072e+00	-1.13902e-02	
152	1.304072e+00	-9.97141e-03	
153	1.314072e+00	-9.07326e-03	
154	1.324072e+00	-8.50398e-03	
155	1.334072e+00	-8.14060e-03	
156	1.344072e+00	-7.90756e-03	
157	1.354072e+00	-7.75681e-03	
158	1.364072e+00	-7.65647e-03	
159	1.374072e+00	-7.59260e-03	
160	1.384072e+00	-7.54477e-03	
161	1.394072e+00	-7.51857e-03	
162	1.404072e+00	-7.49149e-03	
163	1.414072e+00	-7.48259e-03	
164	1.424072e+00	-7.46368e-03	
165	1.434072e+00	-7.46310e-03	
166	1.444072e+00	-7.44746e-03	
167	1.454072e+00	-7.45117e-03	
168	1.464072e+00	-7.43687e-03	
169	1.474072e+00	-7.44297e-03	
170	1.484072e+00	-7.42923e-03	

Index   time            alli            
--------------------------------------------------------------------------------
171	1.494072e+00	-7.43675e-03	
172	1.504072e+00	-7.42326e-03	
173	1.514072e+00	-7.43169e-03	
174	1.524072e+00	-7.41830e-03	
175	1.534072e+00	-7.42735e-03	
176	1.544072e+00	-7.41399e-03	
177	1.554072e+00	-7.42349e-03	
178	1.564072e+00	-7.41013e-03	
179	1.574072e+00	-7.41995e-03	
180	1.584072e+00	-7.40658e-03	
181	1.594072e+00	-7.41666e-03	
182	1.604072e+00	-7.40327e-03	
183	1.614072e+00	-7.41355e-03	
184	1.624072e+00	-7.40015e-03	
185	1.634072e+00	-7.41059e-03	
186	1.644072e+00	-7.39717e-03	
187	1.654072e+00	-7.40774e-03	
188	1.664072e+00	-7.39432e-03	
189	1.674072e+00	-7.40499e-03	
190	1.684072e+00	-7.39156e-03	
191	1.694072e+00	-7.40233e-03	
192	1.704072e+00	-7.38889e-03	
193	1.714072e+00	-7.39974e-03	
194	1.724072e+00	-7.38630e-03	
195	1.734072e+00	-7.39721e-03	
196	1.744072e+00	-7.38377e-03	
197	1.754072e+00	-7.39475e-03	
198	1.764072e+00	-7.38130e-03	
199	1.774072e+00	-7.39233e-03	
200	1.784072e+00	-7.37889e-03	
201	1.794072e+00	-7.38997e-03	
202	1.804072e+00	-7.37653e-03	
203	1.814072e+00	-7.38765e-03	
204	1.824072e+00	-7.37421e-03	
205	1.834072e+00	-7.38538e-03	
206	1.844072e+00	-7.37195e-03	
207	1.854072e+00	-7.38314e-03	
208	1.864072e+00	-7.36972e-03	
209	1.874072e+00	-7.38095e-03	
210	1.884072e+00	-7.36753e-03	
211	1.894072e+00	-7.37879e-03	
212	1.904072e+00	-7.36538e-03	
213	1.914072e+00	-7.37667e-03	
214	1.924072e+00	-7.36327e-03	
215	1.934072e+00	-7.37458e-03	
216	1.944072e+00	-7.36119e-03	
217	1.954072e+00	-7.37253e-03	
218	1.964072e+00	-7.35915e-03	
219	1.974072e+00	-7.37050e-03	
220	1.984072e+00	-7.35713e-03	
221	1.994072e+00	-7.36851e-03	
222	2.004072e+00	-7.35515e-03	
223	2.014072e+00	-7.36655e-03	
224	2.024072e+00	-7.35320e-03	
225	2.034072e+00	-7.36462e-03	
226	2.044072e+00	-7.35128e-03	
227	2.054072e+00	-7.36271e-03	
228	2.064072e+00	-7.34939e-03	

Index   time            alli            
--------------------------------------------------------------------------------
229	2.074072e+00	-7.36084e-03	
230	2.084072e+00	-7.34753e-03	
231	2.094072e+00	-7.35899e-03	
232	2.104072e+00	-7.34569e-03	
233	2.114072e+00	-7.35716e-03	
234	2.124072e+00	-7.34388e-03	
235	2.134072e+00	-7.35537e-03	
236	2.144072e+00	-7.34210e-03	
237	2.154072e+00	-7.35360e-03	
238	2.164072e+00	-7.34034e-03	
239	2.174072e+00	-7.35185e-03	
240	2.184072e+00	-7.33856e-03	
241	2.194072e+00	-7.34998e-03	
242	2.204072e+00	-7.33092e-03	
243	2.214072e+00	-1.30998e-02	
244	2.222111e+00	-1.13912e-02	
245	2.229675e+00	-1.02673e-02	
246	2.238577e+00	-9.35259e-03	
247	2.248577e+00	-8.68141e-03	
248	2.258577e+00	-8.25375e-03	
249	2.268577e+00	-7.98057e-03	
250	2.278577e+00	-7.80411e-03	
251	2.288577e+00	-7.68783e-03	
252	2.298577e+00	-7.61325e-03	
253	2.308577e+00	-7.55903e-03	
254	2.318577e+00	-7.52816e-03	
255	2.328577e+00	-7.49835e-03	
256	2.338577e+00	-7.48748e-03	
257	2.348577e+00	-7.46724e-03	
258	2.358577e+00	-7.46592e-03	
259	2.368577e+00	-7.44946e-03	
260	2.378577e+00	-7.45303e-03	
261	2.388577e+00	-7.43808e-03	
262	2.398577e+00	-7.44434e-03	
263	2.408577e+00	-7.43001e-03	
264	2.418577e+00	-7.43786e-03	
265	2.428577e+00	-7.42378e-03	
266	2.438577e+00	-7.43264e-03	
267	2.448577e+00	-7.41865e-03	
268	2.458577e+00	-7.42820e-03	
269	2.468577e+00	-7.41424e-03	
270	2.478577e+00	-7.42427e-03	
271	2.488577e+00	-7.41030e-03	
272	2.498577e+00	-7.42069e-03	
273	2.508577e+00	-7.40670e-03	
274	2.518577e+00	-7.41736e-03	
275	2.528577e+00	-7.40335e-03	
276	2.538577e+00	-7.41423e-03	
277	2.548577e+00	-7.40020e-03	
278	2.558577e+00	-7.41125e-03	
279	2.568577e+00	-7.39720e-03	
280	2.578577e+00	-7.40838e-03	
281	2.588577e+00	-7.39432e-03	
282	2.598577e+00	-7.40562e-03	
283	2.608577e+00	-7.39154e-03	
284	2.618577e+00	-7.40295e-03	
285	2.628577e+00	-7.38886e-03	
286	2.638577e+00	-7.40035e-03	

Index   time            alli            
--------------------------------------------------------------------------------
287	2.648577e+00	-7.38625e-03	
288	2.658577e+00	-7.39781e-03	
289	2.668577e+00	-7.38371e-03	
290	2.678577e+00	-7.39534e-03	
291	2.688577e+00	-7.38123e-03	
292	2.698577e+00	-7.39292e-03	
293	2.708577e+00	-7.37875e-03	
294	2.718577e+00	-7.39055e-03	
295	2.728577e+00	-7.37638e-03	
296	2.738577e+00	-7.38823e-03	
297	2.748577e+00	-7.37406e-03	
298	2.758577e+00	-7.38595e-03	
299	2.768577e+00	-7.37178e-03	
300	2.778577e+00	-7.38371e-03	
301	2.788577e+00	-7.36955e-03	
302	2.798577e+00	-7.38151e-03	
303	2.808577e+00	-7.36736e-03	
304	2.818577e+00	-7.37935e-03	
305	2.828577e+00	-7.36520e-03	
306	2.838577e+00	-7.37722e-03	
307	2.848577e+00	-7.36308e-03	
308	2.858577e+00	-7.37513e-03	
309	2.868577e+00	-7.36100e-03	
310	2.878577e+00	-7.37307e-03	
311	2.888577e+00	-7.35895e-03	
312	2.898577e+00	-7.37104e-03	
313	2.908577e+00	-7.35693e-03	
314	2.918577e+00	-7.36904e-03	
315	2.928577e+00	-7.35495e-03	
316	2.938577e+00	-7.36708e-03	
317	2.948577e+00	-7.35299e-03	
318	2.958577e+00	-7.36514e-03	
319	2.968577e+00	-7.35107e-03	
320	2.978577e+00	-7.36323e-03	
321	2.988577e+00	-7.34917e-03	
322	2.998577e+00	-7.36135e-03	
323	3.008577e+00	-7.34730e-03	
324	3.018577e+00	-7.35950e-03	
325	3.028577e+00	-7.34546e-03	
326	3.038577e+00	-7.35768e-03	
327	3.048577e+00	-7.34365e-03	
328	3.058577e+00	-7.35588e-03	
329	3.068577e+00	-7.34186e-03	
330	3.078577e+00	-7.35410e-03	
331	3.088577e+00	-7.34010e-03	
332	3.098577e+00	-7.35235e-03	
333	3.108577e+00	-7.33834e-03	
334	3.118577e+00	-7.35055e-03	
335	3.128577e+00	-7.33379e-03	
336	3.129827e+00	-7.34220e-03	
337	3.132014e+00	-7.34054e-03	
338	3.133713e+00	-7.33813e-03	
339	3.135557e+00	-7.32893e-03	
340	3.135564e+00	-7.32873e-03	
341	3.135577e+00	-7.32832e-03	
342	3.135604e+00	-7.32714e-03	
343	3.135611e+00	-7.32652e-03	
344	3.135613e+00	-7.32633e-03	

Index   time            alli            
--------------------------------------------------------------------------------
345	3.135616e+00	-7.32585e-03	
346	3.135617e+00	-7.32568e-03	
347	3.135619e+00	-7.32529e-03	
348	3.135622e+00	-7.32328e-03	
349	3.135623e+00	-7.32156e-03	
350	3.135623e+00	-7.32101e-03	
351	3.135623e+00	-7.31957e-03	
352	3.135623e+00	-7.31905e-03	
353	3.135624e+00	-7.31778e-03	
354	3.135624e+00	-7.31736e-03	
355	3.135624e+00	-7.31642e-03	
356	3.135624e+00	-7.31346e-03	
357	3.135624e+00	-7.31225e-03	
358	3.135624e+00	-7.30889e-03	
359	3.135624e+00	-7.30760e-03	
360	3.135624e+00	-7.30416e-03	
361	3.135624e+00	-7.30292e-03	
362	3.135624e+00	-7.29980e-03	
363	3.135624e+00	-7.29876e-03	
364	3.135624e+00	-7.29631e-03	
365	3.135624e+00	-7.28670e-03	
366	3.135624e+00	-7.28118e-03	
367	3.135624e+00	-7.27948e-03	
368	3.135624e+00	-7.27530e-03	
369	3.135624e+00	-7.27393e-03	
370	3.135624e+00	-7.27078e-03	
371	3.135624e+00	-7.25981e-03	
372	3.135624e+00	-7.25470e-03	
373	3.135624e+00	-7.23730e-03	
374	3.135624e+00	-7.36601e-03	
375	3.135624e+00	-8.49711e-03	
376	3.135624e+00	-1.18251e-02	
377	3.135624e+00	-1.43072e-02	
378	3.135624e+00	-1.43353e-02	
379	3.135624e+00	-1.43404e-02	
380	3.135624e+00	-1.43474e-02	
381	3.135624e+00	-1.43540e-02	
382	3.135624e+00	-1.43595e-02	
383	3.135624e+00	-1.43660e-02	
384	3.135624e+00	-1.43689e-02	
385	3.135625e+00	-1.43719e-02	
386	3.135625e+00	-1.43684e-02	
387	3.135625e+00	-1.43649e-02	
388	3.135625e+00	-1.43568e-02	
389	3.135626e+00	-1.43524e-02	
390	3.135627e+00	-1.43479e-02	
391	3.135628e+00	-1.43481e-02	
392	3.135630e+00	-1.43457e-02	
393	3.135633e+00	-1.43464e-02	
394	3.135638e+00	-1.43434e-02	
395	3.135647e+00	-1.43422e-02	
396	3.135665e+00	-1.43349e-02	
397	3.135702e+00	-1.43252e-02	
398	3.135776e+00	-1.43011e-02	
399	3.135923e+00	-1.42579e-02	
400	3.136218e+00	-1.41674e-02	
401	3.136807e+00	-1.39949e-02	
402	3.137986e+00	-1.36586e-02	

Index   time            alli            
--------------------------------------------------------------------------------
403	3.140343e+00	-1.30416e-02	
404	3.145058e+00	-1.19814e-02	
405	3.154487e+00	-1.04231e-02	
406	3.164487e+00	-9.35830e-03	
407	3.174487e+00	-8.68597e-03	
408	3.184487e+00	-8.25591e-03	
409	3.194487e+00	-7.98293e-03	
410	3.204487e+00	-7.80440e-03	
411	3.214487e+00	-7.68995e-03	
412	3.224487e+00	-7.61214e-03	
413	3.234487e+00	-7.56213e-03	
414	3.244487e+00	-7.52565e-03	
415	3.254487e+00	-7.50278e-03	
416	3.264487e+00	-7.48383e-03	
417	3.274487e+00	-7.47277e-03	
418	3.284487e+00	-7.46150e-03	
419	3.294487e+00	-7.45584e-03	
420	3.304487e+00	-7.44809e-03	
421	3.314487e+00	-7.44503e-03	
422	3.324487e+00	-7.43904e-03	
423	3.334487e+00	-7.43735e-03	
424	3.344487e+00	-7.43232e-03	
425	3.354487e+00	-7.43140e-03	
426	3.364487e+00	-7.42692e-03	
427	3.374487e+00	-7.42648e-03	
428	3.384487e+00	-7.42235e-03	
429	3.394487e+00	-7.42222e-03	
430	3.404487e+00	-7.41831e-03	
431	3.414487e+00	-7.41841e-03	
432	3.424487e+00	-7.41465e-03	
433	3.434487e+00	-7.41490e-03	
434	3.444487e+00	-7.41126e-03	
435	3.454487e+00	-7.41163e-03	
436	3.464487e+00	-7.40807e-03	
437	3.474487e+00	-7.40853e-03	
438	3.484487e+00	-7.40505e-03	
439	3.494487e+00	-7.40558e-03	
440	3.504487e+00	-7.40215e-03	
441	3.514487e+00	-7.40274e-03	
442	3.524487e+00	-7.39936e-03	
443	3.534487e+00	-7.40000e-03	
444	3.544487e+00	-7.39665e-03	
445	3.554487e+00	-7.39735e-03	
446	3.564487e+00	-7.39403e-03	
447	3.574487e+00	-7.39476e-03	
448	3.584487e+00	-7.39148e-03	
449	3.594487e+00	-7.39224e-03	
450	3.604487e+00	-7.38893e-03	
451	3.614487e+00	-7.38974e-03	
452	3.624487e+00	-7.38655e-03	
453	3.634487e+00	-7.38737e-03	
454	3.644487e+00	-7.38411e-03	
455	3.654487e+00	-7.38497e-03	
456	3.664487e+00	-7.38183e-03	
457	3.674487e+00	-7.38271e-03	
458	3.684487e+00	-7.37949e-03	
459	3.694487e+00	-7.38039e-03	
460	3.704487e+00	-7.37729e-03	

Index   time            alli            
--------------------------------------------------------------------------------
461	3.714487e+00	-7.37821e-03	
462	3.724487e+00	-7.37503e-03	
463	3.734487e+00	-7.37598e-03	
464	3.744487e+00	-7.37291e-03	
465	3.754487e+00	-7.37387e-03	
466	3.764487e+00	-7.37073e-03	
467	3.774487e+00	-7.37171e-03	
468	3.784487e+00	-7.36868e-03	
469	3.794487e+00	-7.36968e-03	
470	3.804487e+00	-7.36656e-03	
471	3.814487e+00	-7.36758e-03	
472	3.824487e+00	-7.36458e-03	
473	3.834487e+00	-7.36561e-03	
474	3.844487e+00	-7.36253e-03	
475	3.854487e+00	-7.36358e-03	
476	3.864487e+00	-7.36061e-03	
477	3.874487e+00	-7.36168e-03	
478	3.884487e+00	-7.35862e-03	
479	3.894487e+00	-7.35970e-03	
480	3.904487e+00	-7.35676e-03	
481	3.914487e+00	-7.35785e-03	
482	3.924487e+00	-7.35483e-03	
483	3.934487e+00	-7.35594e-03	
484	3.944487e+00	-7.35303e-03	
485	3.954487e+00	-7.35415e-03	
486	3.964487e+00	-7.35115e-03	
487	3.974487e+00	-7.35229e-03	
488	3.984487e+00	-7.34940e-03	
489	3.994487e+00	-7.35054e-03	
490	4.004487e+00	-7.34757e-03	
491	4.014487e+00	-7.34873e-03	
492	4.024487e+00	-7.34587e-03	
493	4.034487e+00	-7.34703e-03	
494	4.044487e+00	-7.34398e-03	
495	4.054487e+00	-7.34428e-03	
496	4.055737e+00	-7.34272e-03	
497	4.058237e+00	-7.34120e-03	
498	4.058862e+00	-7.34063e-03	
499	4.060112e+00	-7.33908e-03	
500	4.060424e+00	-7.33855e-03	
501	4.061049e+00	-7.33725e-03	
502	4.062299e+00	-7.33188e-03	
503	4.062339e+00	-7.33151e-03	
504	4.062417e+00	-7.33065e-03	
505	4.062573e+00	-7.32651e-03	
506	4.062577e+00	-7.32612e-03	
507	4.062579e+00	-7.32599e-03	
508	4.062581e+00	-7.32570e-03	
509	4.062585e+00	-7.32423e-03	
510	4.062587e+00	-7.32317e-03	
511	4.062587e+00	-7.32285e-03	
512	4.062587e+00	-7.32207e-03	
513	4.062588e+00	-7.32181e-03	
514	4.062588e+00	-7.32121e-03	
515	4.062588e+00	-7.31930e-03	
516	4.062589e+00	-7.31850e-03	
517	4.062589e+00	-7.31628e-03	
518	4.062589e+00	-7.31542e-03	

Index   time            alli            
--------------------------------------------------------------------------------
519	4.062589e+00	-7.31317e-03	
520	4.062589e+00	-7.31238e-03	
521	4.062589e+00	-7.31044e-03	
522	4.062589e+00	-7.30982e-03	
523	4.062589e+00	-7.30840e-03	
524	4.062589e+00	-7.30404e-03	
525	4.062589e+00	-7.30226e-03	
526	4.062589e+00	-7.29719e-03	
527	4.062589e+00	-7.29515e-03	
528	4.062589e+00	-7.28937e-03	
529	4.062589e+00	-7.28705e-03	
530	4.062589e+00	-7.28035e-03	
531	4.062589e+00	-7.27766e-03	
532	4.062589e+00	-7.26981e-03	
533	4.062589e+00	-7.26659e-03	
534	4.062589e+00	-7.25715e-03	
535	4.062589e+00	-7.25529e-03	
536	4.062589e+00	-7.25106e-03	
537	4.062589e+00	-7.23765e-03	
538	4.062589e+00	-7.32482e-03	
539	4.062589e+00	-8.22884e-03	
540	4.062589e+00	-1.09993e-02	
541	4.062589e+00	-1.42751e-02	
542	4.062589e+00	-1.43422e-02	
543	4.062589e+00	-1.43316e-02	
544	4.062589e+00	-1.43491e-02	
545	4.062589e+00	-1.43455e-02	
546	4.062589e+00	-1.43595e-02	
547	4.062589e+00	-1.43582e-02	
548	4.062589e+00	-1.43714e-02	
549	4.062589e+00	-1.43671e-02	
550	4.062590e+00	-1.43741e-02	
551	4.062590e+00	-1.43628e-02	
552	4.062590e+00	-1.43641e-02	
553	4.062591e+00	-1.43501e-02	
554	4.062592e+00	-1.43534e-02	
555	4.062593e+00	-1.43440e-02	
556	4.062594e+00	-1.43505e-02	
557	4.062597e+00	-1.43423e-02	
558	4.062601e+00	-1.43484e-02	
559	4.062610e+00	-1.43382e-02	
560	4.062628e+00	-1.43403e-02	
561	4.062663e+00	-1.43219e-02	
562	4.062734e+00	-1.43077e-02	
563	4.062875e+00	-1.42572e-02	
564	4.063158e+00	-1.41793e-02	
565	4.063724e+00	-1.40042e-02	
566	4.064857e+00	-1.36892e-02	
567	4.067121e+00	-1.30837e-02	
568	4.071650e+00	-1.20618e-02	
569	4.080707e+00	-1.05199e-02	
570	4.090707e+00	-9.42682e-03	
571	4.100707e+00	-8.72219e-03	
572	4.110707e+00	-8.28624e-03	
573	4.120707e+00	-7.99523e-03	
574	4.130707e+00	-7.81957e-03	
575	4.140707e+00	-7.69279e-03	
576	4.150707e+00	-7.62121e-03	

Index   time            alli            
--------------------------------------------------------------------------------
577	4.160707e+00	-7.56094e-03	
578	4.170707e+00	-7.53234e-03	
579	4.180707e+00	-7.49979e-03	
580	4.190707e+00	-7.48959e-03	
581	4.200707e+00	-7.46895e-03	
582	4.210707e+00	-7.46687e-03	
583	4.220707e+00	-7.45158e-03	
584	4.230707e+00	-7.45329e-03	
585	4.240707e+00	-7.44055e-03	
586	4.250707e+00	-7.44416e-03	
587	4.260707e+00	-7.43275e-03	
588	4.270707e+00	-7.43740e-03	
589	4.280707e+00	-7.42672e-03	
590	4.290707e+00	-7.43198e-03	
591	4.300707e+00	-7.42176e-03	
592	4.310707e+00	-7.42740e-03	
593	4.320707e+00	-7.41746e-03	
594	4.330707e+00	-7.42336e-03	
595	4.340707e+00	-7.41361e-03	
596	4.350707e+00	-7.41970e-03	
597	4.360707e+00	-7.41009e-03	
598	4.370707e+00	-7.41631e-03	
599	4.380707e+00	-7.40680e-03	
600	4.390707e+00	-7.41312e-03	
601	4.400707e+00	-7.40369e-03	
602	4.410707e+00	-7.41010e-03	
603	4.420707e+00	-7.40072e-03	
604	4.430707e+00	-7.40720e-03	
605	4.440707e+00	-7.39788e-03	
606	4.450707e+00	-7.40441e-03	
607	4.460707e+00	-7.39513e-03	
608	4.470707e+00	-7.40171e-03	
609	4.480707e+00	-7.39247e-03	
610	4.490707e+00	-7.39909e-03	
611	4.500707e+00	-7.38988e-03	
612	4.510707e+00	-7.39653e-03	
613	4.520707e+00	-7.38735e-03	
614	4.530707e+00	-7.39404e-03	
615	4.540707e+00	-7.38489e-03	
616	4.550707e+00	-7.39161e-03	
617	4.560707e+00	-7.38248e-03	
618	4.570707e+00	-7.38922e-03	
619	4.580707e+00	-7.38012e-03	
620	4.590707e+00	-7.38689e-03	
621	4.600707e+00	-7.37780e-03	
622	4.610707e+00	-7.38460e-03	
623	4.620707e+00	-7.37553e-03	
624	4.630707e+00	-7.38235e-03	
625	4.640707e+00	-7.37330e-03	
626	4.650707e+00	-7.38014e-03	
627	4.660707e+00	-7.37111e-03	
628	4.670707e+00	-7.37797e-03	
629	4.680707e+00	-7.36896e-03	
630	4.690707e+00	-7.37583e-03	
631	4.700707e+00	-7.36684e-03	
632	4.710707e+00	-7.37373e-03	
633	4.720707e+00	-7.36476e-03	
634	4.730707e+00	-7.37167e-03	

Index   time            alli            
--------------------------------------------------------------------------------
635	4.740707e+00	-7.36271e-03	
636	4.750707e+00	-7.36964e-03	
637	4.760707e+00	-7.36069e-03	
638	4.770707e+00	-7.36764e-03	
639	4.780707e+00	-7.35871e-03	
640	4.790707e+00	-7.36567e-03	
641	4.800707e+00	-7.35675e-03	
642	4.810707e+00	-7.36372e-03	
643	4.820707e+00	-7.35482e-03	
644	4.830707e+00	-7.36181e-03	
645	4.840707e+00	-7.35293e-03	
646	4.850707e+00	-7.35993e-03	
647	4.860707e+00	-7.35106e-03	
648	4.870707e+00	-7.35807e-03	
649	4.880707e+00	-7.34922e-03	
650	4.890707e+00	-7.35625e-03	
651	4.900707e+00	-7.34737e-03	
652	4.910707e+00	-7.35445e-03	
653	4.920707e+00	-7.34561e-03	
654	4.930707e+00	-7.35267e-03	
655	4.940707e+00	-7.34385e-03	
656	4.950707e+00	-7.35092e-03	
657	4.960707e+00	-7.34210e-03	
658	4.970707e+00	-7.34909e-03	
659	4.980707e+00	-7.33915e-03	
660	4.990707e+00	-7.33586e-03	
661	4.990708e+00	-7.32839e-03	
662	4.990708e+00	-7.32727e-03	
663	4.990708e+00	-7.32470e-03	
664	4.990708e+00	-7.32393e-03	
665	4.990708e+00	-7.32220e-03	
666	4.990708e+00	-7.31673e-03	
667	4.990709e+00	-7.31529e-03	
668	4.990709e+00	-7.31149e-03	
669	4.990709e+00	-7.31012e-03	
670	4.990709e+00	-7.30667e-03	
671	4.990709e+00	-7.30550e-03	
672	4.990709e+00	-7.30271e-03	
673	4.990709e+00	-7.28882e-03	
674	4.990709e+00	-7.28162e-03	
675	4.990709e+00	-7.27927e-03	
676	4.990709e+00	-7.27291e-03	
677	4.990709e+00	-7.27059e-03	
678	4.990709e+00	-7.26467e-03	
679	4.990709e+00	-7.24717e-03	
680	4.990709e+00	-7.50608e-03	
681	4.990709e+00	-9.53412e-03	
682	4.990709e+00	-1.41583e-02	
683	4.990709e+00	-1.43597e-02	
684	4.990709e+00	-1.43295e-02	
685	4.990709e+00	-1.43597e-02	
686	4.990709e+00	-1.43440e-02	
687	4.990709e+00	-1.43688e-02	
688	4.990709e+00	-1.43568e-02	
689	4.990709e+00	-1.43819e-02	
690	4.990709e+00	-1.43671e-02	
691	4.990709e+00	-1.43861e-02	
692	4.990709e+00	-1.43637e-02	

Index   time            alli            
--------------------------------------------------------------------------------
693	4.990709e+00	-1.43768e-02	
694	4.990710e+00	-1.43512e-02	
695	4.990711e+00	-1.43650e-02	
696	4.990712e+00	-1.43439e-02	
697	4.990714e+00	-1.43619e-02	
698	4.990718e+00	-1.43418e-02	
699	4.990724e+00	-1.43589e-02	
700	4.990737e+00	-1.43358e-02	
701	4.990764e+00	-1.43468e-02	
702	4.990816e+00	-1.43116e-02	
703	4.990921e+00	-1.42986e-02	
704	4.991132e+00	-1.42157e-02	
705	4.991552e+00	-1.41090e-02	
706	4.992393e+00	-1.38455e-02	
707	4.994074e+00	-1.34025e-02	
708	4.997437e+00	-1.25572e-02	
709	5.004163e+00	-1.12506e-02	
710	5.014163e+00	-9.86746e-03	
711	5.024163e+00	-9.02302e-03	
712	5.034163e+00	-8.45642e-03	
713	5.044163e+00	-8.12564e-03	
714	5.054163e+00	-7.88266e-03	
715	5.064163e+00	-7.75540e-03	
716	5.074163e+00	-7.64134e-03	
717	5.084163e+00	-7.59595e-03	
718	5.094163e+00	-7.53451e-03	
719	5.104163e+00	-7.52342e-03	
720	5.114163e+00	-7.48397e-03	
721	5.124163e+00	-7.48773e-03	
722	5.134163e+00	-7.45777e-03	
723	5.144163e+00	-7.46818e-03	
724	5.154163e+00	-7.44253e-03	
725	5.164163e+00	-7.45612e-03	
726	5.174163e+00	-7.43255e-03	
727	5.184163e+00	-7.44778e-03	
728	5.194163e+00	-7.42531e-03	
729	5.204163e+00	-7.44147e-03	
730	5.214163e+00	-7.41961e-03	
731	5.224163e+00	-7.43633e-03	
732	5.234163e+00	-7.41485e-03	
733	5.244163e+00	-7.43192e-03	
734	5.254163e+00	-7.41068e-03	
735	5.264163e+00	-7.42800e-03	
736	5.274163e+00	-7.40693e-03	
737	5.284163e+00	-7.42443e-03	
738	5.294163e+00	-7.40347e-03	
739	5.304163e+00	-7.42110e-03	
740	5.314163e+00	-7.40023e-03	
741	5.324163e+00	-7.41797e-03	
742	5.334163e+00	-7.39716e-03	
743	5.344163e+00	-7.41498e-03	
744	5.354163e+00	-7.39423e-03	
745	5.364163e+00	-7.41212e-03	
746	5.374163e+00	-7.39141e-03	
747	5.384163e+00	-7.40936e-03	
748	5.394163e+00	-7.38868e-03	
749	5.404163e+00	-7.40668e-03	
750	5.414163e+00	-7.38604e-03	

Index   time            alli            
--------------------------------------------------------------------------------
751	5.424163e+00	-7.40408e-03	
752	5.434163e+00	-7.38347e-03	
753	5.444163e+00	-7.40154e-03	
754	5.454163e+00	-7.38096e-03	
755	5.464163e+00	-7.39907e-03	
756	5.474163e+00	-7.37851e-03	
757	5.484163e+00	-7.39665e-03	
758	5.494163e+00	-7.37611e-03	
759	5.504163e+00	-7.39428e-03	
760	5.514163e+00	-7.37376e-03	
761	5.524163e+00	-7.39196e-03	
762	5.534163e+00	-7.37146e-03	
763	5.544163e+00	-7.38968e-03	
764	5.554163e+00	-7.36920e-03	
765	5.564163e+00	-7.38745e-03	
766	5.574163e+00	-7.36698e-03	
767	5.584163e+00	-7.38525e-03	
768	5.594163e+00	-7.36480e-03	
769	5.604163e+00	-7.38309e-03	
770	5.614163e+00	-7.36266e-03	
771	5.624163e+00	-7.38097e-03	
772	5.634163e+00	-7.36055e-03	
773	5.644163e+00	-7.37888e-03	
774	5.654163e+00	-7.35848e-03	
775	5.664163e+00	-7.37682e-03	
776	5.674163e+00	-7.35644e-03	
777	5.684163e+00	-7.37480e-03	
778	5.694163e+00	-7.35443e-03	
779	5.704163e+00	-7.37276e-03	
780	5.714163e+00	-7.35244e-03	
781	5.724163e+00	-7.37084e-03	
782	5.734163e+00	-7.35045e-03	
783	5.744163e+00	-7.36887e-03	
784	5.754163e+00	-7.34858e-03	
785	5.764163e+00	-7.36700e-03	
786	5.774163e+00	-7.34670e-03	
787	5.784163e+00	-7.36513e-03	
788	5.794163e+00	-7.34483e-03	
789	5.804163e+00	-7.36324e-03	
790	5.814163e+00	-7.34299e-03	
791	5.824163e+00	-7.36142e-03	
792	5.834163e+00	-7.34118e-03	
793	5.844163e+00	-7.35967e-03	
794	5.854163e+00	-7.33941e-03	
795	5.864163e+00	-7.35790e-03	
796	5.874163e+00	-7.33760e-03	
797	5.884163e+00	-7.35611e-03	
798	5.894163e+00	-7.33580e-03	
799	5.904163e+00	-7.35422e-03	
800	5.914163e+00	-7.32349e-03	
801	5.915413e+00	-7.33845e-03	
802	5.915689e+00	-7.33787e-03	
803	5.916242e+00	-7.33642e-03	
804	5.917348e+00	-7.32872e-03	
805	5.917367e+00	-7.32813e-03	
806	5.917372e+00	-7.32791e-03	
807	5.917382e+00	-7.32739e-03	
808	5.917384e+00	-7.32722e-03	

Index   time            alli            
--------------------------------------------------------------------------------
809	5.917389e+00	-7.32682e-03	
810	5.917390e+00	-7.32669e-03	
811	5.917393e+00	-7.32639e-03	
812	5.917397e+00	-7.32538e-03	
813	5.917399e+00	-7.32489e-03	
814	5.917401e+00	-7.32279e-03	
815	5.917402e+00	-7.32130e-03	
816	5.917402e+00	-7.32086e-03	
817	5.917402e+00	-7.31976e-03	
818	5.917402e+00	-7.31940e-03	
819	5.917402e+00	-7.31858e-03	
820	5.917403e+00	-7.31597e-03	
821	5.917403e+00	-7.31489e-03	
822	5.917403e+00	-7.31187e-03	
823	5.917403e+00	-7.31068e-03	
824	5.917403e+00	-7.30755e-03	
825	5.917403e+00	-7.30640e-03	
826	5.917403e+00	-7.30354e-03	
827	5.917403e+00	-7.30258e-03	
828	5.917403e+00	-7.30032e-03	
829	5.917403e+00	-7.29152e-03	
830	5.917403e+00	-7.28647e-03	
831	5.917403e+00	-7.28492e-03	
832	5.917403e+00	-7.28112e-03	
833	5.917403e+00	-7.27989e-03	
834	5.917403e+00	-7.27707e-03	
835	5.917403e+00	-7.26754e-03	
836	5.917403e+00	-7.26320e-03	
837	5.917403e+00	-7.24761e-03	
838	5.917403e+00	-7.23972e-03	
839	5.917403e+00	-7.22713e-03	
840	5.917403e+00	-7.63803e-03	
841	5.917403e+00	-8.95373e-03	
842	5.917403e+00	-1.26026e-02	
843	5.917403e+00	-1.43150e-02	
844	5.917403e+00	-1.43328e-02	
845	5.917403e+00	-1.43418e-02	
846	5.917403e+00	-1.43461e-02	
847	5.917403e+00	-1.43565e-02	
848	5.917403e+00	-1.43592e-02	
849	5.917403e+00	-1.43694e-02	
850	5.917403e+00	-1.43684e-02	
851	5.917403e+00	-1.43730e-02	
852	5.917403e+00	-1.43649e-02	
853	5.917404e+00	-1.43636e-02	
854	5.917404e+00	-1.43523e-02	
855	5.917405e+00	-1.43524e-02	
856	5.917406e+00	-1.43456e-02	
857	5.917408e+00	-1.43493e-02	
858	5.917410e+00	-1.43438e-02	
859	5.917413e+00	-1.43475e-02	
860	5.917420e+00	-1.43406e-02	
861	5.917434e+00	-1.43410e-02	
862	5.917462e+00	-1.43277e-02	
863	5.917519e+00	-1.43153e-02	
864	5.917631e+00	-1.42763e-02	
865	5.917855e+00	-1.42131e-02	
866	5.918303e+00	-1.40746e-02	

Index   time            alli            
--------------------------------------------------------------------------------
867	5.919200e+00	-1.38197e-02	
868	5.920995e+00	-1.33261e-02	
869	5.924583e+00	-1.24630e-02	
870	5.931759e+00	-1.10858e-02	
871	5.941759e+00	-9.78254e-03	
872	5.951759e+00	-8.95006e-03	
873	5.961759e+00	-8.42901e-03	
874	5.971759e+00	-8.08918e-03	
875	5.981759e+00	-7.87793e-03	
876	5.991759e+00	-7.73350e-03	
877	6.001759e+00	-7.64563e-03	
878	6.011759e+00	-7.57997e-03	
879	6.021759e+00	-7.54275e-03	
880	6.031759e+00	-7.50968e-03	
881	6.041759e+00	-7.49401e-03	
882	6.051759e+00	-7.47486e-03	
883	6.061759e+00	-7.46865e-03	
884	6.071759e+00	-7.45567e-03	
885	6.081759e+00	-7.45382e-03	
886	6.091759e+00	-7.44376e-03	
887	6.101759e+00	-7.44407e-03	
888	6.111759e+00	-7.43549e-03	
889	6.121759e+00	-7.43697e-03	
890	6.131759e+00	-7.42920e-03	
891	6.141759e+00	-7.43135e-03	
892	6.151759e+00	-7.42406e-03	
893	6.161759e+00	-7.42665e-03	
894	6.171759e+00	-7.41966e-03	
895	6.181759e+00	-7.42252e-03	
896	6.191759e+00	-7.41574e-03	
897	6.201759e+00	-7.41880e-03	
898	6.211759e+00	-7.41216e-03	
899	6.221759e+00	-7.41537e-03	
900	6.231759e+00	-7.40883e-03	
901	6.241759e+00	-7.41215e-03	
902	6.251759e+00	-7.40569e-03	
903	6.261759e+00	-7.40910e-03	
904	6.271759e+00	-7.40271e-03	
905	6.281759e+00	-7.40618e-03	
906	6.291759e+00	-7.39984e-03	
907	6.301759e+00	-7.40337e-03	
908	6.311759e+00	-7.39707e-03	
909	6.321759e+00	-7.40066e-03	
910	6.331759e+00	-7.39440e-03	
911	6.341759e+00	-7.39802e-03	
912	6.351759e+00	-7.39179e-03	
913	6.361759e+00	-7.39546e-03	
914	6.371759e+00	-7.38926e-03	
915	6.381759e+00	-7.39295e-03	
916	6.391759e+00	-7.38678e-03	
917	6.401759e+00	-7.39051e-03	
918	6.411759e+00	-7.38436e-03	
919	6.421759e+00	-7.38812e-03	
920	6.431759e+00	-7.38199e-03	
921	6.441759e+00	-7.38577e-03	
922	6.451759e+00	-7.37967e-03	
923	6.461759e+00	-7.38348e-03	
924	6.471759e+00	-7.37739e-03	

Index   time            alli            
--------------------------------------------------------------------------------
925	6.481759e+00	-7.38122e-03	
926	6.491759e+00	-7.37516e-03	
927	6.501759e+00	-7.37901e-03	
928	6.511759e+00	-7.37296e-03	
929	6.521759e+00	-7.37683e-03	
930	6.531759e+00	-7.37080e-03	
931	6.541759e+00	-7.37469e-03	
932	6.551759e+00	-7.36868e-03	
933	6.561759e+00	-7.37258e-03	
934	6.571759e+00	-7.36659e-03	
935	6.581759e+00	-7.37051e-03	
936	6.591759e+00	-7.36453e-03	
937	6.601759e+00	-7.36848e-03	
938	6.611759e+00	-7.36251e-03	
939	6.621759e+00	-7.36647e-03	
940	6.631759e+00	-7.36052e-03	
941	6.641759e+00	-7.36449e-03	
942	6.651759e+00	-7.35856e-03	
943	6.661759e+00	-7.36255e-03	
944	6.671759e+00	-7.35663e-03	
945	6.681759e+00	-7.36063e-03	
946	6.691759e+00	-7.35473e-03	
947	6.701759e+00	-7.35874e-03	
948	6.711759e+00	-7.35285e-03	
949	6.721759e+00	-7.35688e-03	
950	6.731759e+00	-7.35100e-03	
951	6.741759e+00	-7.35505e-03	
952	6.751759e+00	-7.34915e-03	
953	6.761759e+00	-7.35325e-03	
954	6.771759e+00	-7.34739e-03	
955	6.781759e+00	-7.35146e-03	
956	6.791759e+00	-7.34562e-03	
957	6.801759e+00	-7.34971e-03	
958	6.811759e+00	-7.34388e-03	
959	6.821759e+00	-7.34795e-03	
960	6.831759e+00	-7.34163e-03	
961	6.841759e+00	-7.34229e-03	
962	6.843009e+00	-7.33553e-03	
963	6.845509e+00	-1.39856e-02	
964	6.846847e+00	-1.36079e-02	
965	6.848132e+00	-1.32656e-02	
966	6.849842e+00	-1.28399e-02	
967	6.853261e+00	-1.20801e-02	
968	6.860099e+00	-1.08653e-02	
969	6.870099e+00	-9.63936e-03	
970	6.880099e+00	-8.86301e-03	
971	6.890099e+00	-8.36996e-03	
972	6.900099e+00	-8.05493e-03	
973	6.910099e+00	-7.85219e-03	
974	6.920099e+00	-7.72041e-03	
975	6.930099e+00	-7.63314e-03	
976	6.940099e+00	-7.57565e-03	
977	6.950099e+00	-7.53542e-03	
978	6.960099e+00	-7.50927e-03	
979	6.970099e+00	-7.48869e-03	
980	6.980099e+00	-7.47628e-03	
981	6.990099e+00	-7.46412e-03	
982	7.000099e+00	-7.45799e-03	

Index   time            alli            
--------------------------------------------------------------------------------
983	7.010099e+00	-7.44962e-03	
984	7.020099e+00	-7.44655e-03	
985	7.030099e+00	-7.43999e-03	
986	7.040099e+00	-7.43854e-03	
987	7.050099e+00	-7.43294e-03	
988	7.060099e+00	-7.43241e-03	
989	7.070099e+00	-7.42734e-03	
990	7.080099e+00	-7.42739e-03	
991	7.090099e+00	-7.42264e-03	
992	7.100099e+00	-7.42306e-03	
993	7.110099e+00	-7.41852e-03	
994	7.120099e+00	-7.41920e-03	
995	7.130099e+00	-7.41479e-03	
996	7.140099e+00	-7.41566e-03	
997	7.150099e+00	-7.41135e-03	
998	7.160099e+00	-7.41236e-03	
999	7.170099e+00	-7.40813e-03	
1000	7.180099e+00	-7.40925e-03	
1001	7.190099e+00	-7.40507e-03	
1002	7.200099e+00	-7.40628e-03	
1003	7.210099e+00	-7.40215e-03	
1004	7.220099e+00	-7.40343e-03	
1005	7.230099e+00	-7.39934e-03	
1006	7.240099e+00	-7.40068e-03	
1007	7.250099e+00	-7.39662e-03	
1008	7.260099e+00	-7.39801e-03	
1009	7.270099e+00	-7.39398e-03	
1010	7.280099e+00	-7.39542e-03	
1011	7.290099e+00	-7.39142e-03	
1012	7.300099e+00	-7.39290e-03	
1013	7.310099e+00	-7.38891e-03	
1014	7.320099e+00	-7.39043e-03	
1015	7.330099e+00	-7.38647e-03	
1016	7.340099e+00	-7.38802e-03	
1017	7.350099e+00	-7.38408e-03	
1018	7.360099e+00	-7.38565e-03	
1019	7.370099e+00	-7.38173e-03	
1020	7.380099e+00	-7.38334e-03	
1021	7.390099e+00	-7.37943e-03	
1022	7.400099e+00	-7.38106e-03	
1023	7.410099e+00	-7.37718e-03	
1024	7.420099e+00	-7.37883e-03	
1025	7.430099e+00	-7.37496e-03	
1026	7.440099e+00	-7.37664e-03	
1027	7.450099e+00	-7.37279e-03	
1028	7.460099e+00	-7.37448e-03	
1029	7.470099e+00	-7.37065e-03	
1030	7.480099e+00	-7.37236e-03	
1031	7.490099e+00	-7.36854e-03	
1032	7.500099e+00	-7.37028e-03	
1033	7.510099e+00	-7.36647e-03	
1034	7.520099e+00	-7.36823e-03	
1035	7.530099e+00	-7.36444e-03	
1036	7.540099e+00	-7.36621e-03	
1037	7.550099e+00	-7.36243e-03	
1038	7.560099e+00	-7.36422e-03	
1039	7.570099e+00	-7.36046e-03	
1040	7.580099e+00	-7.36226e-03	

Index   time            alli            
--------------------------------------------------------------------------------
1041	7.590099e+00	-7.35851e-03	
1042	7.600099e+00	-7.36033e-03	
1043	7.610099e+00	-7.35660e-03	
1044	7.620099e+00	-7.35843e-03	
1045	7.630099e+00	-7.35471e-03	
1046	7.640099e+00	-7.35656e-03	
1047	7.650099e+00	-7.35285e-03	
1048	7.660099e+00	-7.35471e-03	
1049	7.670099e+00	-7.35102e-03	
1050	7.680099e+00	-7.35288e-03	
1051	7.690099e+00	-7.34921e-03	
1052	7.700099e+00	-7.35110e-03	
1053	7.710099e+00	-7.34744e-03	
1054	7.720099e+00	-7.34934e-03	
1055	7.730099e+00	-7.34568e-03	
1056	7.740099e+00	-7.34759e-03	
1057	7.750099e+00	-7.34389e-03	
1058	7.760099e+00	-7.34540e-03	
1059	7.770099e+00	-7.33268e-03	
1060	7.770255e+00	-7.33572e-03	
1061	7.770568e+00	-7.33446e-03	
1062	7.770853e+00	-7.33276e-03	
1063	7.771196e+00	-7.32859e-03	
1064	7.771206e+00	-7.32815e-03	
1065	7.771228e+00	-7.32693e-03	
1066	7.771233e+00	-7.32630e-03	
1067	7.771235e+00	-7.32610e-03	
1068	7.771237e+00	-7.32561e-03	
1069	7.771238e+00	-7.32544e-03	
1070	7.771239e+00	-7.32504e-03	
1071	7.771242e+00	-7.32324e-03	
1072	7.771243e+00	-7.32214e-03	
1073	7.771243e+00	-7.32181e-03	
1074	7.771243e+00	-7.32102e-03	
1075	7.771244e+00	-7.31775e-03	
1076	7.771244e+00	-7.31595e-03	
1077	7.771244e+00	-7.31541e-03	
1078	7.771244e+00	-7.31418e-03	
1079	7.771244e+00	-7.30992e-03	
1080	7.771244e+00	-7.30798e-03	
1081	7.771244e+00	-7.30129e-03	
1082	7.771244e+00	-7.29769e-03	
1083	7.771244e+00	-7.29662e-03	
1084	7.771244e+00	-7.29412e-03	
1085	7.771244e+00	-7.28459e-03	
1086	7.771244e+00	-7.28156e-03	
1087	7.771244e+00	-7.27154e-03	
1088	7.771244e+00	-7.26653e-03	
1089	7.771244e+00	-7.44973e-03	
1090	7.771244e+00	-1.04294e-02	
1091	7.771244e+00	-1.42935e-02	
1092	7.771244e+00	-1.43436e-02	
1093	7.771244e+00	-1.43359e-02	
1094	7.771244e+00	-1.43515e-02	
1095	7.771244e+00	-1.43498e-02	
1096	7.771244e+00	-1.43611e-02	
1097	7.771244e+00	-1.43609e-02	
1098	7.771244e+00	-1.43705e-02	

Index   time            alli            
--------------------------------------------------------------------------------
1099	7.771245e+00	-1.43684e-02	
1100	7.771245e+00	-1.43730e-02	
1101	7.771245e+00	-1.43644e-02	
1102	7.771245e+00	-1.43633e-02	
1103	7.771246e+00	-1.43519e-02	
1104	7.771247e+00	-1.43523e-02	
1105	7.771248e+00	-1.43455e-02	
1106	7.771249e+00	-1.43493e-02	
1107	7.771251e+00	-1.43437e-02	
1108	7.771255e+00	-1.43474e-02	
1109	7.771262e+00	-1.43404e-02	
1110	7.771277e+00	-1.43408e-02	
1111	7.771305e+00	-1.43271e-02	
1112	7.771363e+00	-1.43144e-02	
1113	7.771478e+00	-1.42744e-02	
1114	7.771708e+00	-1.42095e-02	
1115	7.772169e+00	-1.40675e-02	
1116	7.773090e+00	-1.38062e-02	
1117	7.774931e+00	-1.33011e-02	
1118	7.778615e+00	-1.24207e-02	
1119	7.785982e+00	-1.10243e-02	
1120	7.795982e+00	-9.74376e-03	
1121	7.805982e+00	-8.92528e-03	
1122	7.815982e+00	-8.41353e-03	
1123	7.825982e+00	-8.07896e-03	
1124	7.835982e+00	-7.87167e-03	
1125	7.845982e+00	-7.72897e-03	
1126	7.855982e+00	-7.64324e-03	
1127	7.865982e+00	-7.57777e-03	
1128	7.875982e+00	-7.54184e-03	
1129	7.885982e+00	-7.50848e-03	
1130	7.895982e+00	-7.49371e-03	
1131	7.905982e+00	-7.47410e-03	
1132	7.915982e+00	-7.46865e-03	
1133	7.925982e+00	-7.45512e-03	
1134	7.935982e+00	-7.45395e-03	
1135	7.945982e+00	-7.44332e-03	
1136	7.955982e+00	-7.44425e-03	
1137	7.965982e+00	-7.43510e-03	
1138	7.975982e+00	-7.43717e-03	
1139	7.985982e+00	-7.42884e-03	
1140	7.995982e+00	-7.43158e-03	
1141	8.005982e+00	-7.42373e-03	
1142	8.015982e+00	-7.42688e-03	
1143	8.025982e+00	-7.41934e-03	
1144	8.035982e+00	-7.42276e-03	
1145	8.045982e+00	-7.41543e-03	
1146	8.055982e+00	-7.41904e-03	
1147	8.065982e+00	-7.41186e-03	
1148	8.075982e+00	-7.41561e-03	
1149	8.085982e+00	-7.40853e-03	
1150	8.095982e+00	-7.41239e-03	
1151	8.105982e+00	-7.40540e-03	
1152	8.115982e+00	-7.40934e-03	
1153	8.125982e+00	-7.40241e-03	
1154	8.135982e+00	-7.40642e-03	
1155	8.145982e+00	-7.39955e-03	
1156	8.155982e+00	-7.40361e-03	

Index   time            alli            
--------------------------------------------------------------------------------
1157	8.165982e+00	-7.39679e-03	
1158	8.175982e+00	-7.40090e-03	
1159	8.185982e+00	-7.39411e-03	
1160	8.195982e+00	-7.39826e-03	
1161	8.205982e+00	-7.39151e-03	
1162	8.215982e+00	-7.39570e-03	
1163	8.225982e+00	-7.38897e-03	
1164	8.235982e+00	-7.39320e-03	
1165	8.245982e+00	-7.38650e-03	
1166	8.255982e+00	-7.39075e-03	
1167	8.265982e+00	-7.38408e-03	
1168	8.275982e+00	-7.38836e-03	
1169	8.285982e+00	-7.38171e-03	
1170	8.295982e+00	-7.38602e-03	
1171	8.305982e+00	-7.37939e-03	
1172	8.315982e+00	-7.38372e-03	
1173	8.325982e+00	-7.37711e-03	
1174	8.335982e+00	-7.38146e-03	
1175	8.345982e+00	-7.37488e-03	
1176	8.355982e+00	-7.37925e-03	
1177	8.365982e+00	-7.37268e-03	
1178	8.375982e+00	-7.37707e-03	
1179	8.385982e+00	-7.37052e-03	
1180	8.395982e+00	-7.37493e-03	
1181	8.405982e+00	-7.36840e-03	
1182	8.415982e+00	-7.37283e-03	
1183	8.425982e+00	-7.36631e-03	
1184	8.435982e+00	-7.37076e-03	
1185	8.445982e+00	-7.36426e-03	
1186	8.455982e+00	-7.36872e-03	
1187	8.465982e+00	-7.36224e-03	
1188	8.475982e+00	-7.36671e-03	
1189	8.485982e+00	-7.36025e-03	
1190	8.495982e+00	-7.36474e-03	
1191	8.505982e+00	-7.35829e-03	
1192	8.515982e+00	-7.36279e-03	
1193	8.525982e+00	-7.35635e-03	
1194	8.535982e+00	-7.36088e-03	
1195	8.545982e+00	-7.35445e-03	
1196	8.555982e+00	-7.35899e-03	
1197	8.565982e+00	-7.35258e-03	
1198	8.575982e+00	-7.35713e-03	
1199	8.585982e+00	-7.35073e-03	
1200	8.595982e+00	-7.35530e-03	
1201	8.605982e+00	-7.34888e-03	
1202	8.615982e+00	-7.35349e-03	
1203	8.625982e+00	-7.34712e-03	
1204	8.635982e+00	-7.35171e-03	
1205	8.645982e+00	-7.34535e-03	
1206	8.655982e+00	-7.34995e-03	
1207	8.665982e+00	-7.34361e-03	
1208	8.675982e+00	-7.34821e-03	
1209	8.685982e+00	-7.34132e-03	
1210	8.695982e+00	-7.34252e-03	
1211	8.696883e+00	-7.33619e-03	
1212	8.697109e+00	-7.33540e-03	
1213	8.697560e+00	-7.33321e-03	
1214	8.697672e+00	-7.33241e-03	

Index   time            alli            
--------------------------------------------------------------------------------
1215	8.697898e+00	-7.33010e-03	
1216	8.697954e+00	-7.32904e-03	
1217	8.697968e+00	-7.32866e-03	
1218	8.697996e+00	-7.32770e-03	
1219	8.698004e+00	-7.32733e-03	
1220	8.698018e+00	-7.32592e-03	
1221	8.698018e+00	-7.32585e-03	
1222	8.698019e+00	-7.32570e-03	
1223	8.698021e+00	-7.32531e-03	
1224	8.698024e+00	-7.32317e-03	
1225	8.698025e+00	-7.32099e-03	
1226	8.698025e+00	-7.32026e-03	
1227	8.698026e+00	-7.31813e-03	
1228	8.698026e+00	-7.31726e-03	
1229	8.698026e+00	-7.31486e-03	
1230	8.698026e+00	-7.31394e-03	
1231	8.698026e+00	-7.31157e-03	
1232	8.698026e+00	-7.30421e-03	
1233	8.698026e+00	-7.30009e-03	
1234	8.698026e+00	-7.29883e-03	
1235	8.698026e+00	-7.29572e-03	
1236	8.698026e+00	-7.29471e-03	
1237	8.698026e+00	-7.29238e-03	
1238	8.698026e+00	-7.28437e-03	
1239	8.698027e+00	-7.28059e-03	
1240	8.698027e+00	-7.26205e-03	
1241	8.698027e+00	-7.26140e-03	
1242	8.698027e+00	-7.26001e-03	
1243	8.698027e+00	-7.25671e-03	
1244	8.698027e+00	-7.24678e-03	
1245	8.698027e+00	-7.24311e-03	
1246	8.698027e+00	-7.23473e-03	
1247	8.698027e+00	-7.25502e-03	
1248	8.698027e+00	-7.82178e-03	
1249	8.698027e+00	-9.39152e-03	
1250	8.698027e+00	-1.29977e-02	
1251	8.698027e+00	-1.43226e-02	
1252	8.698027e+00	-1.43293e-02	
1253	8.698027e+00	-1.43428e-02	
1254	8.698027e+00	-1.43445e-02	
1255	8.698027e+00	-1.43593e-02	
1256	8.698027e+00	-1.43594e-02	
1257	8.698027e+00	-1.43713e-02	
1258	8.698027e+00	-1.43675e-02	
1259	8.698027e+00	-1.43738e-02	
1260	8.698027e+00	-1.43630e-02	
1261	8.698027e+00	-1.43638e-02	
1262	8.698028e+00	-1.43504e-02	
1263	8.698029e+00	-1.43531e-02	
1264	8.698030e+00	-1.43443e-02	
1265	8.698032e+00	-1.43503e-02	
1266	8.698034e+00	-1.43426e-02	
1267	8.698038e+00	-1.43482e-02	
1268	8.698047e+00	-1.43386e-02	
1269	8.698064e+00	-1.43403e-02	
1270	8.698098e+00	-1.43228e-02	
1271	8.698167e+00	-1.43087e-02	
1272	8.698305e+00	-1.42598e-02	

Index   time            alli            
--------------------------------------------------------------------------------
1273	8.698580e+00	-1.41837e-02	
1274	8.699130e+00	-1.40138e-02	
1275	8.700230e+00	-1.37065e-02	
1276	8.702431e+00	-1.31159e-02	
1277	8.706834e+00	-1.21138e-02	
1278	8.715638e+00	-1.05910e-02	
1279	8.725638e+00	-9.47130e-03	
1280	8.735638e+00	-8.75096e-03	
1281	8.745638e+00	-8.30400e-03	
1282	8.755638e+00	-8.00726e-03	
1283	8.765638e+00	-7.82671e-03	
1284	8.775638e+00	-7.69818e-03	
1285	8.785638e+00	-7.62403e-03	
1286	8.795638e+00	-7.56361e-03	
1287	8.805638e+00	-7.53341e-03	
1288	8.815638e+00	-7.50131e-03	
1289	8.825638e+00	-7.48990e-03	
1290	8.835638e+00	-7.46996e-03	
1291	8.845638e+00	-7.46685e-03	
1292	8.855638e+00	-7.45235e-03	
1293	8.865638e+00	-7.45311e-03	
1294	8.875638e+00	-7.44121e-03	
1295	8.885638e+00	-7.44390e-03	
1296	8.895638e+00	-7.43334e-03	
1297	8.905638e+00	-7.43710e-03	
1298	8.915638e+00	-7.42728e-03	
1299	8.925638e+00	-7.43166e-03	
1300	8.935638e+00	-7.42229e-03	
1301	8.945638e+00	-7.42706e-03	
1302	8.955638e+00	-7.41797e-03	
1303	8.965638e+00	-7.42302e-03	
1304	8.975638e+00	-7.41412e-03	
1305	8.985638e+00	-7.41935e-03	
1306	8.995638e+00	-7.41059e-03	
1307	9.005638e+00	-7.41595e-03	
1308	9.015638e+00	-7.40729e-03	
1309	9.025638e+00	-7.41276e-03	
1310	9.035638e+00	-7.40418e-03	
1311	9.045638e+00	-7.40973e-03	
1312	9.055638e+00	-7.40121e-03	
1313	9.065638e+00	-7.40683e-03	
1314	9.075638e+00	-7.39836e-03	
1315	9.085638e+00	-7.40404e-03	
1316	9.095638e+00	-7.39561e-03	
1317	9.105638e+00	-7.40134e-03	
1318	9.115638e+00	-7.39294e-03	
1319	9.125638e+00	-7.39871e-03	
1320	9.135638e+00	-7.39035e-03	
1321	9.145638e+00	-7.39616e-03	
1322	9.155638e+00	-7.38783e-03	
1323	9.165638e+00	-7.39366e-03	
1324	9.175638e+00	-7.38536e-03	
1325	9.185638e+00	-7.39123e-03	
1326	9.195638e+00	-7.38295e-03	
1327	9.205638e+00	-7.38884e-03	
1328	9.215638e+00	-7.38058e-03	
1329	9.225638e+00	-7.38651e-03	
1330	9.235638e+00	-7.37827e-03	

Index   time            alli            
--------------------------------------------------------------------------------
1331	9.245638e+00	-7.38422e-03	
1332	9.255638e+00	-7.37600e-03	
1333	9.265638e+00	-7.38197e-03	
1334	9.275638e+00	-7.37377e-03	
1335	9.285638e+00	-7.37976e-03	
1336	9.295638e+00	-7.37158e-03	
1337	9.305638e+00	-7.37759e-03	
1338	9.315638e+00	-7.36942e-03	
1339	9.325638e+00	-7.37545e-03	
1340	9.335638e+00	-7.36730e-03	
1341	9.345638e+00	-7.37335e-03	
1342	9.355638e+00	-7.36522e-03	
1343	9.365638e+00	-7.37129e-03	
1344	9.375638e+00	-7.36317e-03	
1345	9.385638e+00	-7.36925e-03	
1346	9.395638e+00	-7.36115e-03	
1347	9.405638e+00	-7.36725e-03	
1348	9.415638e+00	-7.35916e-03	
1349	9.425638e+00	-7.36528e-03	
1350	9.435638e+00	-7.35721e-03	
1351	9.445638e+00	-7.36334e-03	
1352	9.455638e+00	-7.35528e-03	
1353	9.465638e+00	-7.36143e-03	
1354	9.475638e+00	-7.35338e-03	
1355	9.485638e+00	-7.35954e-03	
1356	9.495638e+00	-7.35151e-03	
1357	9.505638e+00	-7.35769e-03	
1358	9.515638e+00	-7.34967e-03	
1359	9.525638e+00	-7.35586e-03	
1360	9.535638e+00	-7.34785e-03	
1361	9.545638e+00	-7.35405e-03	
1362	9.555638e+00	-7.34606e-03	
1363	9.565638e+00	-7.35228e-03	
1364	9.575638e+00	-7.34430e-03	
1365	9.585638e+00	-7.35053e-03	
1366	9.595638e+00	-7.34255e-03	
1367	9.605638e+00	-7.34872e-03	
1368	9.615638e+00	-7.33976e-03	
1369	9.625638e+00	-7.33778e-03	
1370	9.625638e+00	-7.33264e-03	
1371	9.625639e+00	-7.32839e-03	
1372	9.625639e+00	-7.32730e-03	
1373	9.625639e+00	-7.32478e-03	
1374	9.625639e+00	-7.32402e-03	
1375	9.625640e+00	-7.32228e-03	
1376	9.625640e+00	-7.31539e-03	
1377	9.625640e+00	-7.31140e-03	
1378	9.625640e+00	-7.31015e-03	
1379	9.625640e+00	-7.30701e-03	
1380	9.625640e+00	-7.30594e-03	
1381	9.625640e+00	-7.30340e-03	
1382	9.625640e+00	-7.29181e-03	
1383	9.625640e+00	-7.28575e-03	
1384	9.625640e+00	-7.28383e-03	
1385	9.625640e+00	-7.27889e-03	
1386	9.625640e+00	-7.26314e-03	
1387	9.625640e+00	-7.25719e-03	
1388	9.625640e+00	-7.22959e-03	

Index   time            alli            
--------------------------------------------------------------------------------
1389	9.625640e+00	-8.39362e-03	
1390	9.625640e+00	-1.20356e-02	
1391	9.625640e+00	-1.43080e-02	
1392	9.625640e+00	-1.43414e-02	
1393	9.625640e+00	-1.43417e-02	
1394	9.625640e+00	-1.43526e-02	
1395	9.625640e+00	-1.43555e-02	
1396	9.625640e+00	-1.43643e-02	
1397	9.625640e+00	-1.43676e-02	
1398	9.625640e+00	-1.43741e-02	
1399	9.625640e+00	-1.43735e-02	
1400	9.625641e+00	-1.43735e-02	
1401	9.625641e+00	-1.43665e-02	
1402	9.625641e+00	-1.43619e-02	
1403	9.625642e+00	-1.43540e-02	
1404	9.625643e+00	-1.43531e-02	
1405	9.625644e+00	-1.43497e-02	
1406	9.625646e+00	-1.43508e-02	
1407	9.625649e+00	-1.43480e-02	
1408	9.625654e+00	-1.43486e-02	
1409	9.625663e+00	-1.43438e-02	
1410	9.625681e+00	-1.43400e-02	
1411	9.625718e+00	-1.43268e-02	
1412	9.625792e+00	-1.43060e-02	
1413	9.625940e+00	-1.42590e-02	
1414	9.626236e+00	-1.41717e-02	
1415	9.626828e+00	-1.39948e-02	
1416	9.628012e+00	-1.36605e-02	
1417	9.630380e+00	-1.30373e-02	
1418	9.635115e+00	-1.19769e-02	
1419	9.644586e+00	-1.04117e-02	
1420	9.654586e+00	-9.35388e-03	
1421	9.664586e+00	-8.68030e-03	
1422	9.674586e+00	-8.25514e-03	
1423	9.684586e+00	-7.97957e-03	
1424	9.694586e+00	-7.80506e-03	
1425	9.704586e+00	-7.68753e-03	
1426	9.714586e+00	-7.61338e-03	
1427	9.724586e+00	-7.56009e-03	
1428	9.734586e+00	-7.52714e-03	
1429	9.744586e+00	-7.50088e-03	
1430	9.754586e+00	-7.48542e-03	
1431	9.764586e+00	-7.47094e-03	
1432	9.774586e+00	-7.46314e-03	
1433	9.784586e+00	-7.45404e-03	
1434	9.794586e+00	-7.44976e-03	
1435	9.804586e+00	-7.44325e-03	
1436	9.814586e+00	-7.44073e-03	
1437	9.824586e+00	-7.43557e-03	
1438	9.834586e+00	-7.43400e-03	
1439	9.844586e+00	-7.42963e-03	
1440	9.854586e+00	-7.42861e-03	
1441	9.864586e+00	-7.42471e-03	
1442	9.874586e+00	-7.42404e-03	
1443	9.884586e+00	-7.42046e-03	
1444	9.894586e+00	-7.42001e-03	
1445	9.904586e+00	-7.41664e-03	
1446	9.914586e+00	-7.41635e-03	

Index   time            alli            
--------------------------------------------------------------------------------
1447	9.924586e+00	-7.41314e-03	
1448	9.934586e+00	-7.41296e-03	
1449	9.944586e+00	-7.40986e-03	
1450	9.954586e+00	-7.40978e-03	
1451	9.964586e+00	-7.40677e-03	
1452	9.974586e+00	-7.40675e-03	
1453	9.984586e+00	-7.40382e-03	
1454	9.994586e+00	-7.40385e-03	
1455	1.000459e+01	-7.40098e-03	
1456	1.001459e+01	-7.40106e-03	
1457	1.002459e+01	-7.39824e-03	
1458	1.003459e+01	-7.39831e-03	
1459	1.004459e+01	-7.39553e-03	
1460	1.005459e+01	-7.39574e-03	
1461	1.006459e+01	-7.39300e-03	
1462	1.007459e+01	-7.39313e-03	
1463	1.008459e+01	-7.39043e-03	
1464	1.009459e+01	-7.39069e-03	
1465	1.010459e+01	-7.38802e-03	
1466	1.011459e+01	-7.38821e-03	
1467	1.012459e+01	-7.38556e-03	
1468	1.013459e+01	-7.38587e-03	
1469	1.014459e+01	-7.38325e-03	
1470	1.015459e+01	-7.38349e-03	
1471	1.016459e+01	-7.38090e-03	
1472	1.017459e+01	-7.38125e-03	
1473	1.018459e+01	-7.37868e-03	
1474	1.019459e+01	-7.37895e-03	
1475	1.020459e+01	-7.37640e-03	
1476	1.021459e+01	-7.37679e-03	
1477	1.022459e+01	-7.37426e-03	
1478	1.023459e+01	-7.37457e-03	
1479	1.024459e+01	-7.37207e-03	
1480	1.025459e+01	-7.37249e-03	
1481	1.026459e+01	-7.37000e-03	
1482	1.027459e+01	-7.37034e-03	
1483	1.028459e+01	-7.36787e-03	
1484	1.029459e+01	-7.36833e-03	
1485	1.030459e+01	-7.36587e-03	
1486	1.031459e+01	-7.36625e-03	
1487	1.032459e+01	-7.36381e-03	
1488	1.033459e+01	-7.36430e-03	
1489	1.034459e+01	-7.36187e-03	
1490	1.035459e+01	-7.36228e-03	
1491	1.036459e+01	-7.35987e-03	
1492	1.037459e+01	-7.36039e-03	
1493	1.038459e+01	-7.35799e-03	
1494	1.039459e+01	-7.35843e-03	
1495	1.040459e+01	-7.35605e-03	
1496	1.041459e+01	-7.35660e-03	
1497	1.042459e+01	-7.35423e-03	
1498	1.043459e+01	-7.35469e-03	
1499	1.044459e+01	-7.35234e-03	
1500	1.045459e+01	-7.35286e-03	
1501	1.046459e+01	-7.35053e-03	
1502	1.047459e+01	-7.35111e-03	
1503	1.048459e+01	-7.34879e-03	
1504	1.049459e+01	-7.34929e-03	

Index   time            alli            
--------------------------------------------------------------------------------
1505	1.050459e+01	-7.34698e-03	
1506	1.051459e+01	-7.34759e-03	
1507	1.052459e+01	-7.34527e-03	
1508	1.053459e+01	-7.34570e-03	
1509	1.054459e+01	-7.34240e-03	
1510	1.054584e+01	-7.34261e-03	
1511	1.054834e+01	-7.34100e-03	
1512	1.054896e+01	-7.34039e-03	
1513	1.055021e+01	-7.33869e-03	
1514	1.055052e+01	-7.33810e-03	
1515	1.055115e+01	-7.33662e-03	
1516	1.055240e+01	-7.32850e-03	
1517	1.055243e+01	-7.32743e-03	
1518	1.055243e+01	-7.32702e-03	
1519	1.055244e+01	-7.32690e-03	
1520	1.055244e+01	-7.32663e-03	
1521	1.055245e+01	-7.32571e-03	
1522	1.055245e+01	-7.32525e-03	
1523	1.055245e+01	-7.32512e-03	
1524	1.055245e+01	-7.32483e-03	
1525	1.055245e+01	-7.32396e-03	
1526	1.055245e+01	-7.32362e-03	
1527	1.055245e+01	-7.32274e-03	
1528	1.055245e+01	-7.32243e-03	
1529	1.055245e+01	-7.32168e-03	
1530	1.055245e+01	-7.31815e-03	
1531	1.055245e+01	-7.31573e-03	
1532	1.055245e+01	-7.31499e-03	
1533	1.055245e+01	-7.31317e-03	
1534	1.055245e+01	-7.30883e-03	
1535	1.055245e+01	-7.30689e-03	
1536	1.055245e+01	-7.30040e-03	
1537	1.055245e+01	-7.29717e-03	
1538	1.055245e+01	-7.29622e-03	
1539	1.055245e+01	-7.29403e-03	
1540	1.055245e+01	-7.28671e-03	
1541	1.055245e+01	-7.28346e-03	
1542	1.055245e+01	-7.27137e-03	
1543	1.055245e+01	-7.26728e-03	
1544	1.055245e+01	-7.25195e-03	
1545	1.055245e+01	-7.24326e-03	
1546	1.055245e+01	-7.23625e-03	
1547	1.055245e+01	-8.25563e-03	
1548	1.055245e+01	-1.09252e-02	
1549	1.055245e+01	-1.42581e-02	
1550	1.055245e+01	-1.43458e-02	
1551	1.055245e+01	-1.43286e-02	
1552	1.055245e+01	-1.43501e-02	
1553	1.055245e+01	-1.43425e-02	
1554	1.055245e+01	-1.43603e-02	
1555	1.055245e+01	-1.43557e-02	
1556	1.055245e+01	-1.43732e-02	
1557	1.055245e+01	-1.43652e-02	
1558	1.055245e+01	-1.43761e-02	
1559	1.055245e+01	-1.43607e-02	
1560	1.055246e+01	-1.43660e-02	
1561	1.055246e+01	-1.43480e-02	
1562	1.055246e+01	-1.43551e-02	

Index   time            alli            
--------------------------------------------------------------------------------
1563	1.055246e+01	-1.43419e-02	
1564	1.055246e+01	-1.43524e-02	
1565	1.055246e+01	-1.43400e-02	
1566	1.055247e+01	-1.43498e-02	
1567	1.055248e+01	-1.43350e-02	
1568	1.055250e+01	-1.43398e-02	
1569	1.055254e+01	-1.43148e-02	
1570	1.055263e+01	-1.42995e-02	
1571	1.055281e+01	-1.42347e-02	
1572	1.055316e+01	-1.41409e-02	
1573	1.055386e+01	-1.39237e-02	
1574	1.055526e+01	-1.35427e-02	
1575	1.055807e+01	-1.28165e-02	
1576	1.056368e+01	-1.16397e-02	
1577	1.057368e+01	-1.01196e-02	
1578	1.058368e+01	-9.17669e-03	
1579	1.059368e+01	-8.56017e-03	
1580	1.060368e+01	-8.18599e-03	
1581	1.061368e+01	-7.92760e-03	
1582	1.062368e+01	-7.77873e-03	
1583	1.063368e+01	-7.66279e-03	
1584	1.064368e+01	-7.60431e-03	
1585	1.065368e+01	-7.54634e-03	
1586	1.066368e+01	-7.52545e-03	
1587	1.067368e+01	-7.49172e-03	
1588	1.068368e+01	-7.48699e-03	
1589	1.069368e+01	-7.46373e-03	
1590	1.070368e+01	-7.46619e-03	
1591	1.071368e+01	-7.44766e-03	
1592	1.072368e+01	-7.45352e-03	
1593	1.073368e+01	-7.43728e-03	
1594	1.074368e+01	-7.44486e-03	
1595	1.075368e+01	-7.42982e-03	
1596	1.076368e+01	-7.43836e-03	
1597	1.077368e+01	-7.42399e-03	
1598	1.078368e+01	-7.43311e-03	
1599	1.079368e+01	-7.41915e-03	
1600	1.080368e+01	-7.42863e-03	
1601	1.081368e+01	-7.41493e-03	
1602	1.082368e+01	-7.42466e-03	
1603	1.083368e+01	-7.41114e-03	
1604	1.084368e+01	-7.42105e-03	
1605	1.085368e+01	-7.40765e-03	
1606	1.086368e+01	-7.41769e-03	
1607	1.087368e+01	-7.40439e-03	
1608	1.088368e+01	-7.41454e-03	
1609	1.089368e+01	-7.40131e-03	
1610	1.090368e+01	-7.41153e-03	
1611	1.091368e+01	-7.39836e-03	
1612	1.092368e+01	-7.40865e-03	
1613	1.093368e+01	-7.39553e-03	
1614	1.094368e+01	-7.40588e-03	
1615	1.095368e+01	-7.39280e-03	
1616	1.096368e+01	-7.40319e-03	
1617	1.097368e+01	-7.39015e-03	
1618	1.098368e+01	-7.40058e-03	
1619	1.099368e+01	-7.38757e-03	
1620	1.100368e+01	-7.39804e-03	

Index   time            alli            
--------------------------------------------------------------------------------
1621	1.101368e+01	-7.38505e-03	
1622	1.102368e+01	-7.39555e-03	
1623	1.103368e+01	-7.38260e-03	
1624	1.104368e+01	-7.39313e-03	
1625	1.105368e+01	-7.38019e-03	
1626	1.106368e+01	-7.39075e-03	
1627	1.107368e+01	-7.37784e-03	
1628	1.108368e+01	-7.38842e-03	
1629	1.109368e+01	-7.37553e-03	
1630	1.110368e+01	-7.38614e-03	
1631	1.111368e+01	-7.37327e-03	
1632	1.112368e+01	-7.38390e-03	
1633	1.113368e+01	-7.37105e-03	
1634	1.114368e+01	-7.38170e-03	
1635	1.115368e+01	-7.36886e-03	
1636	1.116368e+01	-7.37953e-03	
1637	1.117368e+01	-7.36671e-03	
1638	1.118368e+01	-7.37740e-03	
1639	1.119368e+01	-7.36460e-03	
1640	1.120368e+01	-7.37531e-03	
1641	1.121368e+01	-7.36252e-03	
1642	1.122368e+01	-7.37325e-03	
1643	1.123368e+01	-7.36048e-03	
1644	1.124368e+01	-7.37122e-03	
1645	1.125368e+01	-7.35847e-03	
1646	1.126368e+01	-7.36922e-03	
1647	1.127368e+01	-7.35649e-03	
1648	1.128368e+01	-7.36726e-03	
1649	1.129368e+01	-7.35454e-03	
1650	1.130368e+01	-7.36532e-03	
1651	1.131368e+01	-7.35261e-03	
1652	1.132368e+01	-7.36342e-03	
1653	1.133368e+01	-7.35072e-03	
1654	1.134368e+01	-7.36154e-03	
1655	1.135368e+01	-7.34886e-03	
1656	1.136368e+01	-7.35969e-03	
1657	1.137368e+01	-7.34702e-03	
1658	1.138368e+01	-7.35786e-03	
1659	1.139368e+01	-7.34521e-03	
1660	1.140368e+01	-7.35606e-03	
1661	1.141368e+01	-7.34342e-03	
1662	1.142368e+01	-7.35429e-03	
1663	1.143368e+01	-7.34166e-03	
1664	1.144368e+01	-7.35255e-03	
1665	1.145368e+01	-7.33991e-03	
1666	1.146368e+01	-7.35068e-03	
1667	1.147368e+01	-7.33514e-03	
1668	1.147493e+01	-7.34141e-03	
1669	1.147743e+01	-7.33840e-03	
1670	1.147799e+01	-7.33720e-03	
1671	1.147910e+01	-7.33266e-03	
1672	1.147938e+01	-7.32969e-03	
1673	1.147945e+01	-7.32792e-03	
1674	1.147959e+01	-1.43269e-02	
1675	1.147967e+01	-1.43046e-02	
1676	1.147974e+01	-1.42835e-02	
1677	1.147983e+01	-1.42532e-02	
1678	1.148000e+01	-1.42049e-02	

Index   time            alli            
--------------------------------------------------------------------------------
1679	1.148024e+01	-1.41318e-02	
1680	1.148070e+01	-1.39972e-02	
1681	1.148161e+01	-1.37348e-02	
1682	1.148345e+01	-1.32427e-02	
1683	1.148711e+01	-1.23700e-02	
1684	1.149445e+01	-1.09981e-02	
1685	1.150445e+01	-9.72259e-03	
1686	1.151445e+01	-8.91670e-03	
1687	1.152445e+01	-8.40317e-03	
1688	1.153445e+01	-8.07688e-03	
1689	1.154445e+01	-7.86638e-03	
1690	1.155445e+01	-7.72743e-03	
1691	1.156445e+01	-7.64158e-03	
1692	1.157445e+01	-7.57255e-03	
1693	1.158445e+01	-7.54355e-03	
1694	1.159445e+01	-7.49745e-03	
1695	1.160445e+01	-7.49810e-03	
1696	1.161445e+01	-7.45710e-03	
1697	1.162445e+01	-7.47488e-03	
1698	1.163445e+01	-7.43320e-03	
1699	1.164445e+01	-7.46144e-03	
1700	1.165445e+01	-7.41752e-03	
1701	1.166445e+01	-7.45258e-03	
1702	1.167445e+01	-7.40644e-03	
1703	1.168445e+01	-7.44609e-03	
1704	1.169445e+01	-7.39804e-03	
1705	1.170445e+01	-7.44090e-03	
1706	1.171445e+01	-7.39127e-03	
1707	1.172445e+01	-7.43651e-03	
1708	1.173445e+01	-7.38561e-03	
1709	1.174445e+01	-7.43262e-03	
1710	1.175445e+01	-7.38071e-03	
1711	1.176445e+01	-7.42908e-03	
1712	1.177445e+01	-7.37635e-03	
1713	1.178445e+01	-7.42579e-03	
1714	1.179445e+01	-7.37240e-03	
1715	1.180445e+01	-7.42269e-03	
1716	1.181445e+01	-7.36876e-03	
1717	1.182445e+01	-7.41973e-03	
1718	1.183445e+01	-7.36536e-03	
1719	1.184445e+01	-7.41689e-03	
1720	1.185445e+01	-7.36216e-03	
1721	1.186445e+01	-7.41415e-03	
1722	1.187445e+01	-7.35911e-03	
1723	1.188445e+01	-7.41149e-03	
1724	1.189445e+01	-7.35609e-03	
1725	1.190445e+01	-7.40890e-03	
1726	1.191445e+01	-7.35328e-03	
1727	1.192445e+01	-7.40638e-03	
1728	1.193445e+01	-7.35057e-03	
1729	1.194445e+01	-7.40391e-03	
1730	1.195445e+01	-7.34794e-03	
1731	1.196445e+01	-7.40150e-03	
1732	1.197445e+01	-7.34539e-03	
1733	1.198445e+01	-7.39914e-03	
1734	1.199445e+01	-7.34292e-03	
1735	1.200000e+01	-7.39733e-03	
